t_sim;S_sim;I_sim;R_sim;R0_sim
0;0.9999;0.0001;0;1.1
1;0.999877530864198;0.000102021765432099;2.02434595061728e-05;1.1
2;0.999854267489712;0.00010413266255144;4.13908065843621e-05;1.1
3;0.999830783264746;0.000106276750342936;6.28740438957476e-05;1.1
4;0.99980729903978;0.000108420838134431;8.43572812071331e-05;1.1
5;0.999783814814815;0.000110564925925926;0.000105840518518519;1.1
6;0.99975977327493;0.000112756474406207;0.000127806847088052;1.1
7;0.999732722234484;0.000115204310605932;0.000152381868451583;1.1
8;0.999705671194037;0.000117652146805657;0.000176956889815113;1.1
9;0.999678620153591;0.000120099983005382;0.000201531911178644;1.1
10;0.999651569113145;0.000122547819205107;0.000226106932542175;1.1
11;0.999624518072698;0.000124995655404832;0.000250681953905706;1.1
12;0.999597467032252;0.000127443491604557;0.000275256975269237;1.1
13;0.999570415991806;0.000129891327804282;0.000299831996632768;1.1
14;0.999543364951359;0.000132339164004007;0.000324407017996299;1.1
15;0.99951504313018;0.000134903152750371;0.000350168285974705;1.10150861663942
16;0.999484034504144;0.000137712722200297;0.000378437628779764;1.10620689331153
17;0.999453025878108;0.000140522291650223;0.000406706971584823;1.11090516998365
18;0.999422017252072;0.000143331861100148;0.000434976314389882;1.11560344665577
19;0.999391008626036;0.000146141430550074;0.000463245657194941;1.12030172332788
20;0.99936;0.000148951;0.000491515;1.125
21;0.999324938271605;0.000153478555555556;0.000521850024691358;1.15
22;0.999287790123457;0.000158309897119342;0.000554243304526749;1.15
23;0.999249600823045;0.000163254314128944;0.000587403030178326;1.15
24;0.999211411522634;0.000168198731138546;0.000620562755829904;1.15
25;0.999173222222222;0.000173143148148148;0.000653722481481481;1.15
26;0.999134233082707;0.000178193383458647;0.000687599721804511;1.15093984962406
27;0.99909092481203;0.000183815037593985;0.000725351541353384;1.15695488721805
28;0.999047616541353;0.000189436691729323;0.000763103360902256;1.16296992481203
29;0.999004308270677;0.000195058345864662;0.000800855180451128;1.16898496240601
30;0.998961;0.00020068;0.000838607;1.175
31;0.998911197530864;0.000208850691358025;0.000879723222222222;1.2
32;0.998857436213992;0.000217765917695473;0.000924620226337448;1.2
33;0.998801908093278;0.000226958784636488;0.000970926508916324;1.2
34;0.998746379972565;0.000236151651577503;0.0010172327914952;1.2
35;0.998690851851852;0.000245344518518518;0.00106353907407407;1.2
36;0.99863369924812;0.000254805323308271;0.0011112084962406;1.20093984962406
37;0.99856777443609;0.000265712992481203;0.00116623887218045;1.20695488721804
38;0.99850184962406;0.000276620661654135;0.0012212692481203;1.21296992481203
39;0.99843592481203;0.000287528330827068;0.00127629962406015;1.21898496240602
40;0.99837;0.000298436;0.00133133;1.225
41;0.998293432098766;0.00031368475308642;0.00139284938271605;1.25
42;0.998207666666667;0.000330697666666667;0.00146154275720165;1.25
43;0.998118777777778;0.000348368777777778;0.00153291504801097;1.25
44;0.998029888888889;0.000366039888888889;0.0016042873388203;1.25
45;0.997941;0.000383711;0.00167565962962963;1.25
46;0.997848744360902;0.000402037315789474;0.00174970857142857;1.25093984962406
47;0.997738308270677;0.000423901736842105;0.00183821142857143;1.25695488721804
48;0.997627872180451;0.000445766157894737;0.00192671428571429;1.26296992481203
49;0.997517436090226;0.000467630578947368;0.00201521714285714;1.26898496240601
50;0.997407;0.000489495;0.00210372;1.275
51;0.997275333333333;0.000519591728395062;0.00220522456790123;1.3
52;0.997126187344177;0.000553643610590051;0.00232022015077763;1.3
53;0.996970660809688;0.000589165871067316;0.00244023439748308;1.3
54;0.996815134275199;0.00062468813154458;0.00256024864418853;1.3
55;0.99665960774071;0.000660210392021845;0.00268026289089398;1.3
56;0.99648150408905;0.000700819590413448;0.00281772646978646;1.3
57;0.996280913448432;0.000746495419582008;0.00297256972285325;1.3
58;0.996080322807815;0.000792171248750568;0.00312741297592004;1.3
59;0.995879732167197;0.000837847077919128;0.00328225622898682;1.3
60;0.995677;0.000884129;0.00343918;1.275
61;0.99544987654321;0.000928653320987654;0.00362134666666667;1.25
62;0.995197273705004;0.000978145340649693;0.00382441898485514;1.25
63;0.994935201712028;0.00102949038015803;0.00403529475307287;1.25
64;0.994673129719052;0.00108083541966637;0.00424617052129061;1.25
65;0.994411057726076;0.00113218045917471;0.00445704628950834;1.25
66;0.994139358234091;0.00118534876578852;0.00467567551425478;1.2490587032359
67;0.993815768675568;0.00124834407434139;0.00493609413569109;1.24304402742692
68;0.993492179117046;0.00131133938289426;0.00519651275712739;1.23702935161795
69;0.993168589558523;0.00137433469144713;0.0054569313785637;1.23101467580897
70;0.992845;0.00143733;0.00571735;1.225
71;0.992494654320988;0.00149356679012346;0.00601157037037037;1.2
72;0.992113536106234;0.00155443067712906;0.00633166264376646;1.2
73;0.991721306079895;0.00161701408362599;0.00666139267010536;1.2
74;0.991329076053556;0.00167959749012292;0.00699112269644425;1.2
75;0.990936846027217;0.00174218089661984;0.00732085272278315;1.2
76;0.990533783712258;0.0018063755046313;0.00765978626488633;1.2009412967641
77;0.990072337784193;0.00187925412847348;0.00804832469866474;1.20695597257308
78;0.989610891856129;0.00195213275231565;0.00843686313244316;1.21297064838205
79;0.989149445928065;0.00202501137615783;0.00882540156622158;1.21898532419103
80;0.988688;0.00209789;0.00921394;1.225
81;0.98815475308642;0.00219955580246914;0.00964570456790123;1.25
82;0.987563414901789;0.0023115827532097;0.0101248651442994;1.25
83;0.986950663886755;0.00242747433666191;0.0106217004345441;1.25
84;0.986337912871722;0.00254336592011412;0.0111185357247888;1.25
85;0.985725161856688;0.00265925750356633;0.0116153710150335;1.25
86;0.985091450433109;0.00277883530317613;0.0121295124157844;1.24906159769009
87;0.984344337824832;0.0029183564773821;0.0127372843118383;1.24304619826757
88;0.983597225216554;0.00305787765158806;0.0133450562078922;1.23703079884504
89;0.982850112608277;0.00319739882579403;0.0139528281039461;1.23101539942252
90;0.982103;0.00333692;0.0145606;1.225
91;0.981299271604938;0.00345826641975309;0.0152425111111111;1.2
92;0.980432763195435;0.00358772807198508;0.0159796362229782;1.2
93;0.979542606276747;0.00372020255898167;0.0167373010973335;1.2
94;0.97865244935806;0.00385267704597827;0.0174949659716888;1.2
95;0.977762292439372;0.00398515153297487;0.0182526308460441;1.2
96;0.97685030798845;0.0041202879307026;0.0190294520692974;1.19906159769009
97;0.975820230991338;0.00426982594802695;0.019909914051973;1.19304619826756
98;0.974790153994225;0.0044193639653513;0.0207903760346487;1.18703079884504
99;0.973760076997113;0.00456890198267565;0.0216708380173243;1.18101539942252
100;0.97273;0.00471844;0.0225513;1.175
101;0.971659938271605;0.0048312962962963;0.0235085308641975;1.15
102;0.970536937671458;0.00494716209371228;0.0245156014704269;1.15
103;0.969394394052452;0.00506413345330846;0.025541147393833;1.15
104;0.968251850433447;0.00518110481290464;0.0265666933172391;1.15
105;0.967109306814441;0.00529807617250082;0.0275922392406452;1.15
106;0.965949699711261;0.00541584919153032;0.0286340619826756;1.14906159769009
107;0.964697774783446;0.00553795939364774;0.0297639464870067;1.14304619826756
108;0.96344584985563;0.00566006959576516;0.0308938309913378;1.13703079884504
109;0.962193924927815;0.00578217979788258;0.0320237154956689;1.13101539942252
110;0.960942;0.00590429;0.0331536;1.125
111;0.959686469135802;0.00597110617283951;0.0343425987654321;1.1
112;0.958404918797322;0.0060357627301657;0.0355596618896083;1.1
113;0.957113576758477;0.00609961217601229;0.036787117173269;1.1
114;0.955822234719631;0.00616346162185888;0.0380145724569297;1.1
115;0.954530892680786;0.00622731106770548;0.0392420277405904;1.1
116;0.953231999037536;0.00629033703561116;0.0404778421559191;1.09906159769009
117;0.951892249278152;0.00634890777670837;0.0417588816169394;1.09304619826757
118;0.950552499518768;0.00640747851780558;0.0430399210779596;1.08703079884504
119;0.949212749759384;0.00646604925890279;0.0443209605389798;1.08101539942252
120;0.947873;0.00652462;0.045602;1.075
121;0.946576543209877;0.00651737222222222;0.0469061283950617;1.05
122;0.945287984417865;0.00650635571162076;0.0482057566663009;1.05
123;0.944002348513113;0.00649394267529902;0.0495036607593548;1.05
124;0.942716712608362;0.00648152963897728;0.0508015648524086;1.05
125;0.94143107670361;0.00646911660265555;0.0520994689454625;1.05
126;0.940148785370549;0.00645555565928778;0.0533952113570741;1.04906159769009
127;0.938884589027911;0.00643578424446583;0.0546792585178056;1.04304619826756
128;0.937620392685274;0.00641601282964389;0.0559633056785371;1.03703079884504
129;0.936356196342637;0.00639624141482194;0.0572473528392685;1.03101539942252
130;0.935092;0.00637647;0.0585314;1.025
131;0.933910037037037;0.00629344160493827;0.0597966827160494;1
132;0.93276459980248;0.00620977443212992;0.0610257804564907;1
133;0.931632810051575;0.00612587889827719;0.0622414723252497;1
134;0.930501020300669;0.00604198336442445;0.0634571641940086;1
135;0.929369230549764;0.00595808783057171;0.0646728560627675;1
136;0.92824891626564;0.00587412923002887;0.0658771288739172;0.999061597690087
137;0.92719068719923;0.00578982942252165;0.0670196216554379;0.993046198267565
138;0.92613245813282;0.00570552961501444;0.0681621144369586;0.987030798845043
139;0.92507422906641;0.00562122980750722;0.0693046072184793;0.981015399422522
140;0.924016;0.00553693;0.0704471;0.975
141;0.923059012345679;0.00540300728395062;0.0715382543209876;0.95
142;0.922152952375727;0.00527409583123011;0.0725731858663448;0.95
143;0.921265867990782;0.00514704436628991;0.0735873414682322;0.95
144;0.920378783605838;0.00501999290134972;0.0746014970701196;0.95
145;0.919491699220893;0.00489294143640952;0.075615652672007;0.95
146;0.9186195813282;0.00476747308950914;0.0766132386910491;0.949061597690087
147;0.91782843599615;0.00465056981713186;0.0775211790182868;0.943046198267565
148;0.9170372906641;0.00453366654475457;0.0784291193455245;0.937030798845043
149;0.91624614533205;0.00441676327237729;0.0793370596727623;0.931015399422522
150;0.915455;0.00429986;0.080245;0.925
151;0.914761913580247;0.00415129333333333;0.0810869654320988;0.9
152;0.914119752770767;0.00401251483155931;0.0818680086140678;0.9
153;0.913496247887633;0.00387734968287062;0.0826266171952156;0.9
154;0.912872743004499;0.00374218453418194;0.0833852257763635;0.9
155;0.912249238121365;0.00360701938549325;0.0841438343575113;0.9
156;0.911640045235804;0.00347467568816169;0.0848853198267565;0.899061597690087
157;0.911108283926853;0.00335759676612127;0.0855341648700674;0.893046198267565
158;0.910576522617902;0.00324051784408085;0.0861830099133782;0.887030798845043
159;0.910044761308951;0.00312343892204042;0.0868318549566891;0.881015399422522
160;0.909513;0.00300636;0.0874807;0.875
161;0.909060913580247;0.00287346024691358;0.0880658222222222;0.85
162;0.90865037759245;0.00275230172830023;0.0885975425326457;0.85
163;0.908255118073082;0.00263546204872161;0.089109602227587;0.85
164;0.907859858553715;0.00251862236914298;0.0896216619225283;0.85
165;0.907464599034347;0.00240178268956436;0.0901337216174695;0.85
166;0.907080589027911;0.00228815368623677;0.0906313254090472;0.850938402309913
167;0.906757441770934;0.00219189526467757;0.0910507190567854;0.856953801732435
168;0.906434294513956;0.00209563684311838;0.0914701127045236;0.862969201154957
169;0.906111147256978;0.00199937842155919;0.0918895063522618;0.868984600577478
170;0.905788;0.00190312;0.0923089;0.875
171;0.905484604938272;0.00183426925925926;0.0926811888888889;0.9
172;0.905204257544168;0.00177042390540985;0.0930254013497202;0.9
173;0.904932338307912;0.00170842236914298;0.0933592979809064;0.9
174;0.904660419071656;0.00164642083287611;0.0936931946120926;0.9
175;0.9043884998354;0.00158441929660924;0.0940270912432788;0.9
176;0.904123002887392;0.00152382305101059;0.0943531813282002;0.901876804619827
177;0.903892252165544;0.00147082978825794;0.0946370359961501;0.91390760346487
178;0.903661501443696;0.00141783652550529;0.0949208906641001;0.925938402309913
179;0.903430750721848;0.00136484326275265;0.09520474533205;0.937969201154957
180;0.9032;0.00131185;0.0954886;0.95
181;0.902965296296296;0.00128670666666667;0.0957478901234568;1
182;0.902740691759026;0.00126247286842972;0.0959966620322616;1
183;0.902519908262921;0.00123857513991002;0.0962415210249095;1
184;0.902299124766817;0.00121467741139032;0.0964863800175573;1
185;0.902078341270712;0.00119077968287062;0.0967312390102052;1
186;0.90186035707411;0.00116715442733397;0.0969729699711261;1.00093840230991
187;0.901657517805582;0.00114500332050048;0.0971977774783445;1.00695380173243
188;0.901454678537055;0.00112285221366699;0.0974225849855631;1.01296920115496
189;0.901251839268527;0.00110070110683349;0.0976473924927815;1.01898460057748
190;0.901049;0.00107855;0.0978722;1.025
191;0.900846209876543;0.00106696506172839;0.0980864962962963;1.05
192;0.900648205201361;0.00105556192472292;0.0982958634917151;1.05
193;0.9004520019752;0.00104422427521124;0.0985033911993855;1.05
194;0.90025579874904;0.00103288662569955;0.0987109189070559;1.05
195;0.900059595522879;0.00102154897618786;0.0989184466147262;1.05
196;0.8998648719923;0.00101026655245428;0.0991244584215592;1.05093840230991
197;0.899678153994225;0.000999282914340712;0.0993222688161694;1.05695380173244
198;0.89949143599615;0.000988299276227141;0.0995200792107796;1.06296920115496
199;0.899304717998075;0.000977315638113571;0.0997178896053898;1.06898460057748
200;0.899118;0.000966332;0.0999157;1.075
201;0.898926802469136;0.000964190592592593;0.100108601234568;1.1
202;0.898737052672007;0.000961972865576649;0.100300667398222;1.1
203;0.89854765291342;0.000959727062877208;0.100492481290464;1.1
204;0.898358253154834;0.000957481260177768;0.100684295182706;1.1
205;0.898168853396247;0.000955235457478328;0.100876109074948;1.1
206;0.897979796920115;0.000952966590952839;0.101067578440808;1.10187680461983
207;0.897792597690087;0.000950572943214629;0.101257183830606;1.11390760346487
208;0.897605398460058;0.00094817929547642;0.101446789220404;1.12593840230991
209;0.897418199230029;0.00094578564773821;0.101636394610202;1.13796920115496
210;0.897231;0.000943392;0.101826;1.15
211;0.897025345679012;0.000957965938271605;0.102016197530864;1.2
212;0.896813382859651;0.000972920911884122;0.102212983978931;1.2
213;0.896599183364424;0.000988016928563591;0.102412259738835;1.2
214;0.896384983869198;0.00100311294524306;0.102611535498738;1.2
215;0.896170784373971;0.00101820896192253;0.102810811258641;1.2
216;0.895954340712223;0.00103342663137632;0.103012181905679;1.20093840230991
217;0.895725755534167;0.00104930247353224;0.103224886429259;1.20695380173244
218;0.895497170356112;0.00106517831568816;0.103437590952839;1.21296920115496
219;0.895268585178056;0.00108105415784408;0.10365029547642;1.21898460057748
220;0.89504;0.00109693;0.103863;1.225
221;0.894790839506173;0.00112333160493827;0.104085827160494;1.25
222;0.894528854054647;0.0011509622352683;0.104320130582684;1.25
223;0.894261982552398;0.00117904958301328;0.104558910347855;1.25
224;0.893995111050148;0.00120713693075826;0.104797690113025;1.25
225;0.893728239547899;0.00123522427850324;0.105036469878196;1.25
226;0.893456980750722;0.00126371923002887;0.105279252165544;1.25093840230991
227;0.893161985563041;0.00129441942252166;0.105543689124158;1.25695380173243
228;0.892866990375361;0.00132511961501444;0.105808126082772;1.26296920115496
229;0.89257199518768;0.00135581980750722;0.106072563041386;1.26898460057748
230;0.892277;0.00138652;0.106337;1.275
231;0.891948839506173;0.00143166962962963;0.10661950617284;1.3
232;0.891597396795786;0.00147979066827609;0.106922576319544;1.3
233;0.891237251947767;0.00152901265883902;0.107233560627675;1.3
234;0.890877107099748;0.00157823464940195;0.107544544935806;1.3
235;0.890516962251728;0.00162745663996489;0.107855529243937;1.3
236;0.890148700673725;0.00167768547641963;0.108173628488932;1.30093840230991
237;0.889736525505293;0.00173336160731473;0.108530221366699;1.30695380173244
238;0.889324350336862;0.00178903773820982;0.108886814244466;1.31296920115496
239;0.888912175168431;0.00184471386910491;0.109243407122233;1.31898460057748
240;0.8885;0.00190039;0.1096;1.325
241;0.888033160493827;0.00197790790123457;0.109989271604938;1.35
242;0.887524119280149;0.00206188098540547;0.110414270931636;1.35
243;0.886999374410183;0.00214825429825524;0.110852545923406;1.35
244;0.886474629540217;0.00223462761110502;0.111290820915176;1.35
245;0.885949884670251;0.00232100092395479;0.111729095906946;1.35
246;0.885405322156672;0.00241031221118662;0.112184251885595;1.35
247;0.884753541109701;0.00251551869315212;0.112730738331715;1.35
248;0.884101760062729;0.00262072517511762;0.113277224777836;1.35
249;0.883449979015757;0.00272593165708312;0.113823711223956;1.35
250;0.882798197968785;0.00283113813904861;0.114370197670077;1.35
251;0.882146416921813;0.00293634462101411;0.114916684116197;1.35
252;0.881494635874841;0.00304155110297961;0.115463170562318;1.35
253;0.880755603482307;0.00315893070562526;0.116084823205978;1.35
254;0.879914351543776;0.0032905717601861;0.116794537008318;1.35
255;0.879073099605245;0.00342221281474693;0.117504250810658;1.35
256;0.878231847666714;0.00355385386930777;0.118213964612999;1.35
257;0.877390595728183;0.0036854949238686;0.118923678415339;1.35
258;0.876549343789652;0.00381713597842944;0.119633392217679;1.35
259;0.875708091851121;0.00394877703299027;0.12034310602002;1.35
260;0.874824;0.00408613;0.12109;1.325
261;0.873879592592593;0.00419957037037037;0.121921061728395;1.3
262;0.872888262626263;0.00431679202020202;0.122795101010101;1.29520202020202
263;0.871879508417508;0.00443539134680134;0.123685067340067;1.28846801346801
264;0.870870754208754;0.00455399067340067;0.124575033670034;1.28173400673401
265;0.869862;0.00467259;0.125465;1.275
266;0.86883587654321;0.00475432888888889;0.126409691358025;1.25
267;0.86777904040404;0.00483628707070707;0.127384616161616;1.24520202020202
268;0.866711026936027;0.00491831804713805;0.128370744107744;1.23846801346801
269;0.865643013468013;0.00500034902356902;0.129356872053872;1.23173400673401
270;0.864575;0.00508238;0.130343;1.225
271;0.863516679012346;0.00511987234567901;0.131363827160494;1.2
272;0.862446626262626;0.00515537676767677;0.132398424242424;1.19520202020202
273;0.861372417508418;0.00519015117845118;0.133437616161616;1.18846801346801
274;0.860298208754209;0.00522492558922559;0.134476808080808;1.18173400673401
275;0.859224;0.0052597;0.135516;1.175
276;0.858187148148148;0.00524645024691358;0.136566160493827;1.15
277;0.857157787878788;0.00523097464646465;0.137610919191919;1.14520202020202
278;0.856131525252525;0.00521468643097643;0.138653612794613;1.13846801346801
279;0.855105262626263;0.00519839821548822;0.139696306397306;1.13173400673401
280;0.854079;0.00518211;0.140739;1.125
281;0.853112851851852;0.00511919469135803;0.141767975308642;1.1
282;0.852171191919192;0.00505579323232323;0.142773101010101;1.09520202020202
283;0.851238127946128;0.00499221882154882;0.143769734006734;1.08846801346801
284;0.850305063973064;0.00492864441077441;0.144766367003367;1.08173400673401
285;0.849372;0.00486507;0.145763;1.075
286;0.848515333333333;0.00476067259259259;0.146723851851852;1.05
287;0.847694626262626;0.00465895606060606;0.147646151515152;1.04520202020202
288;0.846887084175084;0.00455822070707071;0.148554434343434;1.03846801346801
289;0.846079542087542;0.00445748535353535;0.149462717171717;1.03173400673401
290;0.845272;0.00435675;0.150371;1.025
291;0.844549432098765;0.00422405271604938;0.151226518518519;1
292;0.843868191919192;0.00409772232323233;0.152034090909091;0.99520202020202
293;0.843201794612795;0.00397371154882155;0.152824393939394;0.988468013468013
294;0.842535397306397;0.00384970077441078;0.153614696969697;0.981734006734007
295;0.841869;0.00372569;0.154405;0.975
296;0.841287111111111;0.00357980407407408;0.155132432098765;0.95
297;0.840753530451004;0.00344508889169319;0.155800666081422;0.95
298;0.840237783715571;0.00331449084494678;0.156447214967629;0.95
299;0.839722036980138;0.00318389279820037;0.157093763853835;0.95
300;0.839206290244705;0.00305329475145397;0.157740312740042;0.95
301;0.838706500841009;0.00292650063836604;0.158367067521025;0.95
302;0.838293044693633;0.00282028678173809;0.158886731117341;0.95
303;0.837879588546255;0.00271407292511013;0.159406394713656;0.95
304;0.837466132398879;0.00260785906848218;0.159926058309972;0.95
305;0.837052676251502;0.00250164521185422;0.160445721906288;0.95
306;0.836639220104125;0.00239543135522627;0.160965385502603;0.95
307;0.836225763956748;0.00228921749859832;0.161485049098919;0.95
308;0.835898669149447;0.00220417277270543;0.161897126621816;0.95
309;0.835579751962198;0.0021211325676758;0.162299016738747;0.95
310;0.835260834774948;0.00203809236264616;0.162700906855678;0.95
311;0.834941917587698;0.00195505215761653;0.163102796972609;0.95
312;0.834623000400449;0.0018720119525869;0.16350468708954;0.95
313;0.834304083213199;0.00178897174755726;0.163906577206471;0.95
314;0.834034234761714;0.00171828447577092;0.164247051021225;0.95
315;0.833788499879856;0.00165366773568282;0.164557343372046;0.95
316;0.833542764997998;0.00158905099559471;0.164867635722867;0.95
317;0.833297030116139;0.00152443425550661;0.165177928073688;0.95
318;0.833051295234281;0.0014598175154185;0.165488220424509;0.95
319;0.832805560352423;0.0013952007753304;0.16579851277533;0.95
320;0.832584171552138;0.00133680297933686;0.166078355277911;0.95
321;0.832395320038443;0.00128671648246036;0.166317503123498;0.95
322;0.832206468524748;0.00123662998558385;0.166556650969085;0.95
323;0.832017617011052;0.00118654348870735;0.166795798814672;0.95
324;0.831828765497357;0.00113645699183085;0.167034946660259;0.95
325;0.831639913983662;0.00108637049495435;0.167274094505847;0.95
326;0.831459122697421;0.001038388102675;0.167503018901169;0.95
327;0.831313839980778;0.000999675144161461;0.167686904853436;0.95
328;0.831168557264136;0.000960962185647926;0.167870790805702;0.95
329;0.831023274547493;0.000922249227134391;0.168054676757969;0.95
330;0.83087799183085;0.000883536268620857;0.168238562710235;0.95
331;0.830732709114208;0.000844823310107322;0.168422448662502;0.95
332;0.830587426397565;0.000806110351593787;0.168606334614769;0.95
333;0.830474123748498;0.000775736434841811;0.168750094753704;0.95
334;0.830362790148178;0.000745875962274731;0.168891384301161;0.95
335;0.830251456547857;0.00071601548970765;0.169032673848618;0.95
336;0.830140122947537;0.000686155017140569;0.169173963396075;0.95
337;0.830028789347217;0.000656294544573488;0.169315252943532;0.95
338;0.829917455746896;0.000626434072006408;0.169456542490989;0.95
339;0.829824167707833;0.000601379895002403;0.169574854797373;0.95
340;0.829738631907737;0.000578390466842864;0.169683296251802;0.95
341;0.82965309610764;0.000555401038683325;0.169791737706231;0.95
342;0.829567560307545;0.000532411610523787;0.16990017916066;0.95
343;0.829482024507448;0.000509422182364248;0.170008620615089;0.95
344;0.829396488707352;0.000486432754204709;0.170117062069518;0.95
345;0.829319547145606;0.000465738317969394;0.170214651699808;0.95
346;0.829252837716485;0.000447776254375515;0.170299321359846;0.95
347;0.829186128287364;0.000429814190781637;0.170383991019885;0.95
348;0.829119418858242;0.000411852127187758;0.170468660679923;0.95
349;0.829052709429121;0.000393890063593879;0.170553330339962;0.95
350;0.828986;0.000375928;0.170638;0.95
